126913 0619 0620 
126915 0625 0626 
126914 0621 0622 
126918 0631 0632 
126917 0628 
126919 0623 0624 
126920 0627 
126916 0629 0630 
121135 0462 0463 0464 0465 0466 
121253 0617 0618 
121259 0602 0603 
122281 0615 0616 
121257 0613 0614 
121254 0604 0605 0606 
121255 0609 0610 
127107 0607 0608 
121256 0611 0612 
105031 0149 0152 0159 0160 0162 0166 0169 0175 0178 0186 0190 0574 0575 0803 0809 0823 
104991 0149 0159 0163 0164 0167 0169 0177 0185 0191 0578 0579 0636 0807 0823 
121175 0149 0154 0157 0162 0164 0168 0170 0176 0180 0185 0188 0189 0580 0803 0807 0809 
105011 0158 0161 0165 0167 0168 0175 0179 0184 0187 0191 0583 0636 0802 0807 
104981 0152 0157 0160 0161 0165 0168 0171 0176 0181 0186 0187 0189 0576 0577 0802 0803 0809 
105001 0153 0158 0160 0163 0166 0167 0169 0172 0173 0174 0182 0183 0184 0188 0190 0581 0582 0802 
127121 0299 0300 0301 0302 0303 0304 0305 0306 0307 0308 0309 0310 0311 0312 0313 0314 0315 0316 0317 0318 0409 0410 0411 0412 0521 0522 0523 0537 0539 0540 
127123 0299 0300 0301 0302 0303 0304 0305 0306 0307 0308 0309 0310 0311 0312 0313 0314 0315 0316 0317 0318 0409 0410 0411 0412 0524 0525 0526 
127126 0299 0300 0301 0302 0303 0304 0305 0306 0307 0308 0309 0310 0311 0312 0313 0314 0315 0316 0317 0318 0409 0410 0411 0412 0538 0541 
127125 0299 0300 0301 0302 0303 0304 0305 0306 0307 0308 0309 0310 0311 0312 0313 0314 0315 0316 0317 0318 0409 0410 0411 0412 0527 0528 0529 
127124 0299 0300 0301 0302 0303 0304 0305 0306 0307 0308 0309 0310 0311 0312 0313 0314 0315 0316 0317 0318 0409 0410 0411 0412 0408 0534 0535 0536 
127120 0299 0300 0301 0302 0303 0304 0305 0306 0307 0308 0309 0310 0311 0312 0313 0314 0315 0316 0317 0318 0409 0410 0411 0412 0542 0543 
127122 0299 0300 0301 0302 0303 0304 0305 0306 0307 0308 0309 0310 0311 0312 0313 0314 0315 0316 0317 0318 0409 0410 0411 0412 0530 0531 0532 0533 
126781 0567 0568 
122403 0563 0564 
127128 0571 0572 0573 
122404 0565 0566 
122402 0561 0562 
122406 0569 0570 
126783 0459 0460 0461 
121260 0457 0458 
121261 0455 0456 
